=== EXP02 Q3 Benchmark: 10 runs each (seconds) ===
--- base Q3 ---
Q3_cold: 0.202 0.184 0.185 0.213 0.180 0.181 0.178 0.183 0.195 0.234
Q3_warm: 0.297 0.186 0.252 0.305 0.198 0.218 0.285 0.174 0.265 0.222
--- proj Q3 ---
Q3_cold: 0.027 0.023 0.025 0.054 0.027 0.068 0.058 0.027 0.081 0.025
Q3_warm: 0.034 0.031 0.033 0.032 0.024 0.027 0.066 0.025 0.024 0.023
--- mv Q3 ---
Q3_cold: 0.026 0.023 0.024 0.051 0.027 0.022 0.026 0.023 0.023 0.029
Q3_warm: 0.023 0.022 0.047 0.023 0.054 0.032 0.021 0.064 0.027 0.023

=== EXP02 Q1+Q2 Benchmark ===
--- base Q1 ---
Q1_cold: 0.025 0.009 0.010 0.008 0.010 0.008 0.009 0.010 0.009 0.010
Q1_warm: 0.005 0.009 0.005 0.005 0.006 0.006 0.005 0.005 0.006 0.006
--- proj Q1 ---
Q1_cold: 0.013 0.010 0.011 0.009 0.018 0.010 0.010 0.010 0.010 0.015
Q1_warm: 0.007 0.011 0.009 0.006 0.006 0.009 0.006 0.007 0.007 0.012
--- mv Q1 ---
Q1_cold: 0.012 0.005 0.012 0.009 0.005 0.022 0.009 0.005 0.007 0.007
Q1_warm: 0.005 0.004 0.013 0.015 0.004 0.005 0.005 0.021 0.014 0.007
--- base Q2 ---
Q2_cold: 0.067 0.013 0.045 0.013 0.017 0.032 0.012 0.030 0.013 0.032
Q2_warm: 0.008 0.012 0.011 0.036 0.010 0.023 0.025 0.008 0.025 0.032
--- proj Q2 ---
Q2_cold: 0.047 0.027 0.040 0.040 0.035 0.030 0.014 0.016 0.013 0.014
Q2_warm: 0.009 0.010 0.010 0.014 0.009 0.009 0.013 0.010 0.010 0.013
