=== EXP01 Benchmark: 10 runs each (seconds) ===
--- v1_default ---
Q1_cold: 0.012 0.020 0.015 0.010 0.031 0.017 0.009 0.020 0.010 0.010
Q1_warm: 0.015 0.015 0.009 0.008 0.009 0.015 0.021 0.007 0.008 0.010
Q2_cold: 0.465 0.274 0.144 0.290 0.176 0.253 0.173 0.235 0.117 0.135
Q2_warm: 0.156 0.129 0.116 0.139 0.122 0.146 0.132 0.122 0.137 0.125
Q3_cold: 0.408 0.126 0.099 0.110 0.088 0.108 0.107 0.095 0.089 0.088
Q3_warm: 0.089 0.105 0.092 0.109 0.100 0.108 0.107 0.084 0.087 0.088
--- v2_zstd ---
Q1_cold: 0.020 0.011 0.011 0.010 0.010 0.011 0.010 0.011 0.010 0.011
Q1_warm: 0.009 0.009 0.008 0.008 0.009 0.008 0.008 0.009 0.009 0.008
Q2_cold: 0.241 0.155 0.152 0.170 0.164 0.162 0.163 0.172 0.152 0.174
Q2_warm: 0.167 0.153 0.151 0.171 0.172 0.173 0.154 0.151 0.148 0.162
Q3_cold: 0.385 0.152 0.145 0.153 0.157 0.148 0.159 0.137 0.147 0.146
Q3_warm: 0.142 0.138 0.152 0.148 0.143 0.145 0.147 0.159 0.162 0.155
--- v3_percolumn ---
Q1_cold: 0.018 0.010 0.010 0.012 0.009 0.011 0.011 0.010 0.010 0.010
Q1_warm: 0.009 0.008 0.008 0.009 0.009 0.009 0.010 0.009 0.008 0.010
Q2_cold: 0.222 0.202 0.203 0.213 0.186 0.199 0.206 0.207 0.207 0.201
Q2_warm: 0.190 0.203 0.213 0.214 0.212 0.207 0.203 0.192 0.191 0.204
Q3_cold: 0.471 0.185 0.196 0.183 0.199 0.192 0.175 0.204 0.206 0.212
Q3_warm: 0.193 0.184 0.199 0.198 0.206 0.198 0.185 0.195 0.208 0.195
--- v4_percolumn_zstd ---
Q1_cold: 0.015 0.009 0.009 0.010 0.010 0.010 0.010 0.009 0.009 0.010
Q1_warm: 0.007 0.008 0.008 0.007 0.007 0.007 0.008 0.010 0.008 0.008
Q2_cold: 0.086 0.086 0.094 0.093 0.089 0.089 0.086 0.087 0.086 0.086
Q2_warm: 0.095 0.087 0.089 0.088 0.091 0.090 0.086 0.087 0.084 0.088
Q3_cold: 0.459 0.238 0.256 0.267 0.257 0.246 0.257 0.275 0.263 0.272
Q3_warm: 0.282 0.275 0.250 0.261 0.275 0.251 0.264 0.273 0.262 0.271
--- v5_aggressive ---
Q1_cold: 0.017 0.009 0.011 0.009 0.009 0.010 0.011 0.009 0.009 0.009
Q1_warm: 0.008 0.008 0.007 0.009 0.008 0.008 0.008 0.007 0.008 0.009
Q2_cold: 0.088 0.086 0.084 0.081 0.084 0.086 0.081 0.086 0.093 0.083
Q2_warm: 0.087 0.080 0.083 0.084 0.081 0.081 0.086 0.083 0.087 0.086
Q3_cold: 0.434 0.242 0.260 0.254 0.248 0.251 0.262 0.250 0.272 0.252
Q3_warm: 0.264 0.248 0.278 0.246 0.241 0.250 0.264 0.223 0.242 0.245
